Hour,Fossil and solid fuels,Wind,Solar,Hydro,Nuclear,Other renewables,Average price (EUR/MWh),CO2 emissions intensity (kg/MWh),Date
0,1.12,0.74,0.03,0.74,6.05,0.24,36.59,281.66,01.08.2015
1,1.08,0.72,0.02,0.70,5.98,0.24,33.72,279.86,01.08.2015
2,1.04,0.70,0.02,0.68,5.93,0.24,32.15,276.30,01.08.2015
3,1.02,0.68,0.02,0.68,5.87,0.24,31.01,275.70,01.08.2015
4,1.02,0.66,0.02,0.68,5.88,0.24,30.66,276.63,01.08.2015
5,1.05,0.65,0.01,0.71,5.91,0.24,32.87,279.17,01.08.2015
6,1.12,0.63,0.05,0.81,6.00,0.24,36.15,283.53,01.08.2015
7,1.21,0.59,0.25,0.91,6.04,0.25,39.62,285.83,01.08.2015
8,1.26,0.53,0.62,0.98,6.09,0.25,41.83,284.17,01.08.2015
9,1.30,0.49,1.11,1.02,6.11,0.25,42.78,279.23,01.08.2015
10,1.30,0.50,1.58,1.02,6.12,0.25,42.66,271.95,01.08.2015
11,1.29,0.52,1.90,1.03,6.11,0.25,42.31,266.50,01.08.2015
12,1.29,0.55,2.07,1.02,6.10,0.25,41.51,262.93,01.08.2015
13,1.28,0.58,2.09,0.99,6.07,0.25,40.47,262.27,01.08.2015
14,1.27,0.61,2.00,0.96,6.06,0.24,39.69,263.17,01.08.2015
15,1.27,0.63,1.79,0.94,6.05,0.24,39.75,265.51,01.08.2015
16,1.27,0.65,1.47,0.95,6.06,0.24,39.95,269.22,01.08.2015
17,1.28,0.66,1.07,0.99,6.09,0.24,41.14,275.16,01.08.2015
18,1.31,0.67,0.65,1.04,6.17,0.25,43.11,281.85,01.08.2015
19,1.32,0.66,0.30,1.09,6.19,0.25,45.17,286.97,01.08.2015
20,1.33,0.68,0.10,1.09,6.19,0.25,48.70,290.21,01.08.2015
21,1.32,0.72,0.04,1.07,6.19,0.24,47.56,289.04,01.08.2015
22,1.27,0.75,0.03,0.99,6.18,0.24,42.68,286.60,01.08.2015
23,1.20,0.75,0.03,0.85,6.15,0.24,37.97,283.84,01.08.2015
0,1.15,1.33,0.05,1.03,5.72,0.27,83.06,193.79,01.08.2025
1,1.07,1.30,0.04,0.98,5.71,0.27,78.13,188.99,01.08.2025
2,1.04,1.25,0.04,0.94,5.71,0.27,75.57,187.61,01.08.2025
3,1.02,1.22,0.04,0.92,5.70,0.27,73.28,186.96,01.08.2025
4,1.03,1.19,0.03,0.92,5.69,0.27,73.88,188.18,01.08.2025
5,1.05,1.17,0.04,0.92,5.70,0.27,78.70,190.87,01.08.2025
6,1.09,1.15,0.19,1.03,5.72,0.27,86.05,191.39,01.08.2025
7,1.08,1.08,0.77,1.08,5.72,0.26,88.30,181.68,01.08.2025
8,1.01,0.98,1.83,1.01,5.67,0.26,80.42,163.17,01.08.2025
9,0.86,0.92,3.12,0.91,5.58,0.26,65.87,138.30,01.08.2025
10,0.73,0.90,4.15,0.83,5.43,0.26,51.94,119.64,01.08.2025
11,0.67,0.90,4.75,0.79,5.30,0.25,41.84,110.84,01.08.2025
12,0.65,0.93,5.02,0.76,5.20,0.25,34.66,106.91,01.08.2025
13,0.64,0.97,5.04,0.75,5.14,0.25,31.56,106.14,01.08.2025
14,0.64,1.02,4.87,0.76,5.11,0.25,33.45,107.22,01.08.2025
15,0.68,1.09,4.46,0.79,5.12,0.25,40.49,111.82,01.08.2025
16,0.77,1.18,3.81,0.81,5.19,0.25,53.12,122.70,01.08.2025
17,0.94,1.24,2.89,0.88,5.36,0.26,75.10,143.27,01.08.2025
18,1.15,1.25,1.81,1.03,5.56,0.26,95.89,170.00,01.08.2025
19,1.29,1.24,0.89,1.25,5.67,0.26,118.64,191.53,01.08.2025
20,1.35,1.24,0.31,1.38,5.71,0.26,129.10,203.96,01.08.2025
21,1.35,1.28,0.08,1.36,5.73,0.26,108.88,205.33,01.08.2025
22,1.31,1.33,0.06,1.23,5.73,0.27,95.77,202.95,01.08.2025
23,1.25,1.35,0.05,1.09,5.74,0.27,86.03,199.04,01.08.2025
