 1 1971             196621893118162177721763617876183281854119078201242107721682
 1 1972             217722164021382212942133122261238902361323080223732117019576
 1 2971             184141775717393173431764818929210822273123383241752484825004
 1 2972             250432508625144251472496325309266932625925561244622289821102
 1 3971             196531883618409181641835319515216322325923928248572562926123
 1 3972             262902650326597265882615626158272072651825579246872338621785
 1 4971             204171944318751183911829318660193762025721313227082374224251
 1 4972             244292436024255242512413024454257442525124361233912217020795
 1 5971             195581859718132179161793818228189541971620970219402245822656
 1 5972             227922276822776227692300624128258772580325481247092345821767
 1 6971             207332035920264204782110623068263832833928628291362961229882
 1 6972             300223011930250304323120532854343413419033572322983038528126
 1 7971             270282658126349264952708228964323563389833630337703384633735
 1 7972             334883332333003330123357034921361813575834910334483130628965
 1 8971             277262725827026271412760329440325983410733972341783439434404
 1 8972             341863384433522333123373234704360633557334988337763162229550
 1 9971             286482823828289285062915931273347723591934486332673209930867
 1 9972             296672867027600268972673528051306403114131177306102892727019
 110971             261522582225838261092678429012326133403432945319453109430067
 110972             290012819727490271542744528645311623140531412311263040529254
 111971             286682856728762289992948830410316983310434252349403472933811
 111972             325813162430929310143161033106347823471734542339543287031469
 112971             306613020930173302523056631206322053363735116363213676536978
 112972             370363688536520367063699738243394513942638836378413611434265
 113971             332603282132659327583320434582369063843439163399224039840420
 113972             400743972739214389973919739923410594030239492380143582933574
 114971             325303189931775318463221633882363593774637748378843794837649
 114972             371133666936194358993635237317385303821637376359093342530730
 115971             297252925129173291662963331633347673586234803338003262531087
 115972             294212826427050262872610126824294632992930091297442816826233
 116971             253532524625334257202668929315332853465133378324633177830751
 116972             297702909128402281922898631038339203449634583338213210729936
 117971             291132892829115293593005432248358993723236349356413460333124
 117972             319173096730319300793035231663334123328332933321273086229262
 118971             283832787827874281282851829476308233236633157327943164229932
 118972             281162646525319246332479326139284762875328592282422727425942
 119971             250792449224356243922467425176261362712527820273932649225553
 119972             246322361922967224872267623887258582592425744253032409622418
 120971             214872104020947210702166523104256032713127376276002742526984
 120972             261422575625233249122498025707273192726526599253832347321284
 121971             199691931118942189431931221076244902617725689256522571625530
 121972             251512486124594243892447824897265752655825884248862302920783
 122971             195311891018712187091918720945247072636925785255102534625260
 122972             250202492724805247132469024868266212655426016249362306820943
 123971             196361903718799187971929921079246442624525871259782597325742
 123972             255982559525364251342527125606270932700426445251422328921178
 124971             198131911018836189171942521220246972627525748257232583125695
 124972             254722539625212250372487824851260312574425127242962308021637
 125971             205241994219789198702029821164228992432525354256492528424565
 125972             236492273722119217782180422365243252465224345238212279721536
 126971             205921997319716195961968820117209482174822036230062263222383
 126972             221822194121704215582164622075233862364723344229732161619709
 127971             185471802617706177011811619798232012494424894251972557225812
 127972             257892612226482270622754528694311853170431480307722900327167
 128971             264302640926775273482855331290358183691036399362793548534804
 128972             332323229131319307113079931966344303482234707337583162829556
 129971             287432844928510288842968732025356653671235041335563152830032
 129972             288052771826839261952616926965298543069730989302742864226796
 130971             259192581326080264082736429763339313494933290314902991628287
 130972             270142605425187247912477125195272742821028292275952595824069
 131971             229972267822653229862374126023297843083629483282562717926258
 131972             252842479924472240812389623914252472531824619239302255621007
 2 1971             196891908618853188301906420045214672279623825240152386723488
 2 1972             229852266022356222582221722566240982418123535227592157920033
 2 2971             188331803817627174621753218134188421971020870215642197222133
 2 2972             223132238622452225752265223106246132522224734238232216019946
 2 3971             187471806917741177681821220072234332514124989252692559925621
 2 3972             256672574225753256682561025758270322719126282249232296720529
 2 4971             191121844818118180431850820340240772558325193251692486125334
 2 4972             252182513325001247812465524830264092702026559254522364921386
 2 5971             202831976419718198262042822829268682829627845275852704326623
 2 5972             261002565625230251422547326354281032818327661266492475822469
 2 6971             212042065220460205672118723335270372850328330284802859828633
 2 6972             284092830228038280952864329647309303073230115286162647424132
 2 7971             229812218621955219192245924483279812942529014290352906529042
 2 7972             285812834628117281022844929072303583028229743288552758625821
 2 8971             246612408923796238612416825201267232828229730306193064029994
 2 8972             291002805027401271382736828105296352975429352285962755325908
 2 9971             248362417623932238462395124556254092655827914284562821527657
 2 9972             272112641025773255542602427156285842905028815279882635524085
 210971             230882266822591227642349025753294143085230268297012904928239
 210972             274352679426168257622567126313285912952829467286552683024703
 211971             236062340223564237942466627092311703229130790294992845227360
 211972             264802596825424253272587027101288212903828556272552526422986
 212971             216362108320902209462160823742273822910528774290472944029552
 212972             296612963929564296283013430889320273192931546303532796325669
 213971             245802415924064241322472626963307453192631198307953045129960
 213972             294162898728589286192917130155317053179031388302682822925918
 214971             245532389923715237492430326507301813147731030306503017429196
 214972             283232757126931265482668327167284102868628458279692706525572
 215971             248412440124406245212498126138275252881029039281572680825394
 215972             241662292722123215672150221964237912488624834245752401922728
 216971             219202156621546216672200922928240872515425551247352373522693
 216972             221232141720976206892061121116229462412224056234242254120817
 217971             200211971519875202232115023409268572816827634269642634925711
 217972             250332460524350240892398824165257272656226049249172325021081
 218971             199121945019299193211986222012255272662925945255102524525087
 218972             247832458324455243192429424664259842652625973247372273820490
 219971             191601849218181180191842820296236332527025104254342561825780
 219972             258222588225719257782588726263270882709326477252762325820916
 220971             194941885318437183371865320343236362516425277256962605626143
 220972             259652596525809257042578525842263972676826224250002316720865
 221971             195461893518578185971911821170246712596825994262322659126579
 221972             264342657326578264852652126437272172750826875260232483423117
 222971             221072157421430215502195423092248732600226574264262567324593
 222972             235202256921828214032138121844237062464024481239562302221629
 223971             205802003619764197501996920591215002240923663240252371823266
 223972             228982238921954217782215623054249232561525429246632334421156
 224971             199441946619375195542016322384260732745527388275172761427435
 224972             275262744127271274322812829100302923033529681283192617123759
 225971             226492214621996220522260224785284772977529522295292948229282
 225972             290622876628440283232884329709307543061929920284972622723589
 226971             223362162021200210812152423562269182806327759278292783227582
 226972             272152696026682264992660526922280012879028473276252579723480
 227971             224492205121993220712283225194290972995828982281312720326462
 227972             257102518024734244332455625016264212743927300263592449022262
 228971             210782052820317203052073622655260382720426856268162674726465
 228972             259782581525551252692511324968256172596625560243852326421455
 3 1971             202141934418820185041852818881201012105522407236172434524664
 3 1972             245142429324217240162387824326248352545424796239062266721173
 3 2971             199191914618551187721862118950197802077222166230782349023881
 3 2972             242822438724241240932406124179250512650026430256702424822406
 3 3971             214482108021174214172219524531283092892127724268062631725726
 3 3972             252622498624885248922484024859254792661326190249752288920724
 3 4971             193811875618568185941904720916243692540324999250242513825225
 3 4972             252582538725449256232585425790265372735126813256062358021175
 3 5971             198851914118758185711885020587240812561325991264462664526720
 3 5972             264002600725507252002503525147261812726827158262382444222350
 3 6971             214272103721030212642214724533286072924927982269722628425626
 3 6972             251252480624548243512437224291252332651826482255942380921772
 3 7971             206722018819922199182050122316257222678826468263332613225786
 3 7972             253732513024845244742447724579251832557224907239532249820843
 3 8971             197021887418448182481834818816198342086222228232782365123783
 3 8972             234822301322599223822238222587235792429923789229462186820374
 3 9971             192381839617877176811762917788183211890520425214522198422548
 3 9972             230132322423313234302357623988246252553325134241012265520679
 310971             194141875218389182601881320327229982418225000257072644826619
 310972             268132694126947267522646426049265042729826614252052328421073
 311971             197261907618781186541915620660233842434224719249982545425517
 311972             253602525625125249322499525147258672644325888245962276920761
 312971             195191878918474182821849720059227132398524490250422557225685
 312972             255802557725427253192535825489258882655925976247492287120872
 313971             196401891418443183591863520151228112391324426250272557525920
 313972             261342656526846273922751627207272372795727240258982375421542
 314971             201421929918775187321918920882239012556426409271732769827621
 314972             270192649725790252472497825096261832714826886261992508923699
 315971             226962213921847218522210622888240842525026057263692587324941
 315972             238762289022266218972198722624238622477624447238502282121420
 316971             205541990419538194281946219928206682157722977237802414624288
 316972             244082411523845237072388824554254652626925928249462342621453
 317971             203141972619543195361997821697246882573125906261022618326146
 317972             260162589225885259472590925776263122714626643254562355221373
 318971             199641909618756185851893220370233532455425028256492622426471
 318972             263682640926330261722597525858263112691326528252662337121412
 319971             201541955919311194021992821819252022643626503265932671626378
 319972             260832569925255249492469425018258642717626905260342427022248
 320971             211272061820573207302134023369265992711926213256372532625046
 320972             248512505025165253422552325326253812657526123249102282720755
 321971             192461856018248182041875520615234952450724555248312534625787
 321972             261562682927446278532795327587270042747926493252032343721470
 322971             198251878518323179801792318445191002015521773228582357223889
 322972             240422420224435246432473224688248002571525067239692250020830
 323971             195031858818080178021782018057184301917120565213802183422304
 323972             228862341623891242202457224581246892609325653244322285220663
 324971             192241842418103179811839119839225472385124631254242630526924
 324972             274732809228484287982875428304280082890528221266552457222129
 325971             206441965719143188211906320431232342467325253257072625926370
 325972             263402642926214260732604226093263952727626740255492356721336
 326971             201281950419293192761968321619247362550925201251372504724949
 326972             247392483924777248522487824837251112636425980248262262820619
 327971             194901879118449183881877620457233432439824555248722523225311
 327972             252272545725398253962527325053252842633325923249212316821077
 328971             198471894818452182711848719570210922232323623246842568326420
 328972             267632748928022284862858628169275112779826789253672368721931
 329971             204141943018789184581837718795192752037022095234622450225216
 329972             258092623326656268902686226618266142752626916258912424722527
 330971             209111974118974185291843218594188961972121016218142192221753
 330972             215472102720603203422033320481214352306623112222942123319664
 331971             184771793817830178981844020082227002401024389247612505125046
 331972             248892492324765245742451624638254332639325971247072277120660
 4 1971             192691867018290181581852520010229312417624432248002506325112
 4 1972             250012500524902248532485424922253282625625888247542275420631
 4 2971             192421854018194180281835219881228242422924696251322545825681
 4 2972             256432586125763257192578125814260142700926648255222343321153
 4 3971             196591895218564184481875120182229952449124927253462586626024
 4 3972             259912594825827258142592726012264932704226626254312350921269
 4 4971             199511921318720186521897120366232472476325482263912713827352
 4 4972             272162741227465273182730427136269502699226217249712349621661
 4 5971             201231894618347180491809418601192002041421890228942367323786
 4 5972             236632349823483236002374523706236722475824269233902204920437
 4 6971             192501764211278180021788918009184711883519819208342156422227
 4 6972             226832292723091233302354023788236522365425189249792351621139
 4 7971             194831869718329182481866820241235542509024951249432510225383
 4 7972             255012571925871261052620525993257202568226874260832418021677
 4 8971             200361910818598184291867220100230702487324700250702545825535
 4 8972             254752549425485254332543225220250562529526263256382383121430
 4 9971             199921930619006187801897820538238162549425376255622576125785
 4 9972             256782583825906260402625226069257082546526714260012398021564
 410971             199571908718627184361875420270234772479424726250872547125808
 410972             259412607126259262622612125899257112591326876260152419622067
 411971             204161952718946187841894320244236432545425646260622657726953
 411972             270392701726902268632692926770264572647327134265782517723559
 412971             223592168821440213092155922301237212520826677273172699726309
 412972             252892422023265225932209322088222142285424558245662379522726
 413971             218552136421094211262129921836230622370524602248912457324038
 413972             234942276422054214692132121398217272262124534245362318021461
 414971             203291987319791200202077722657261602803927294266292627025606
 414972             251122478924453242632421924016238302390025403248502301620905
 415971             194601884518695187661935021238250082630925603251382478724570
 415972             243702442724368244342448124417240112397625369248342291520644
 416971             190591838218037180601858920365239292516524837247382497124990
 416972             250792538425632259652630326269258222546526473258622375621139
 417971             194551855418067178421811219710229152423124291245492498125256
 417972             252732561525737259392594625925253162516926270256322358721141
 418971             194871863018086179341817119599227442409224164244822490825044
 418972             248422501924834246052439123949234572332024147236352240120552
 419971             191041826917827174911751118083190712004121290225642319023636
 419972             235322343723448234872381124038240702385824698242302290421115
 420971             195691845017841174921738517493180021836919735209382185822682
 420972             235562422224998257582643427082270592667227815269362487222222
 421971             204381942618823186641880520229229942429925021261972743228617
 421972             296843093032288332993391333583327553165332026310552847725259
 422971             231092177120898204182035521431242062547925762264272712927563
 422972             277532839128633290082913828881279392707027576268612456921874
 423971             202581927118686183861872120154231392444724639252712588626377
 423972             267072733927857283682878228611278742713727802270892489322131
 424971             200241908218469182401839719806228842421924555251162571526038
 424972             262502651126666267472671626481259992568326719260642418621911
 425971             203591953519052188471905820323233512491125195257842624926348
 425972             264142664026654265232653726327259932543325504246612323921523
 426971             201941933518815185621857218981197972080822229236522440724471
 426972             241022357922874225832273022840229082313623743232402210720733
 427971             194741872318221179591794618162187401938220718217232231222616
 427972             227552258422256220462209122389226192303623890236712234920306
 428971             190681842218263183561882220559238872495124705247262485524918
 428972             249362511125266255512585125949257052541326283256802355721039
 429971             193951858418114178651821519664227362390624130246812531625985
 429972             265412732927942289572970729872295092876029297288112650823711
 430971             216312046019729192991951120683236902495625538263852733328288
 430972             289692989730697313673190331667309372976929968293052653523605
 5 1971             215152037319682192471937920577234952473225272260462692927647
 5 1972             283212915029900305513102130833301222922229836292982727324454
 5 2971             225252142320866204972070122092252202683827537284922961230483
 5 2972             314283278833691342843446533883325773078930242292452712324602
 5 3971             224352092819876191741885518978195332019321786227772360923972
 5 3972             241002424124673251992577826155259382519325303249432342821546
 5 4971             197821868017993176111744217573177851822119676208522163822315
 5 4972             229822355724135248122554926144259862547525970259262423121720
 5 5971             199531894018482182751855819911226572402324749257552661027394
 5 5972             279662867929329301563075530772301042923629521289612658223475
 5 6971             215512037719690192731946420674235572487525638265382744228351
 5 6972             291963018830988316103216132025312393011330264295962724023981
 5 7971             220712086220116197781991821207241212555826282271892820728817
 5 7972             293132997330641312873159131430307302987430407298422743224538
 5 8971             225072136420611201472024921511243972586126660277272895929943
 5 8972             308873213232959333533359333069319443087731278305422821725187
 5 9971             230942162420838202762031221420239942548225981268542751427684
 5 9972             275772759627407268952644125893251592448824696243532295321253
 510971             197591879118199178781785418309190081992221227223512292423131
 510972             230172295022994232862361423832237432341723852237982255020849
 511971             194181831217817174891712817524178611835819729208502148322046
 511972             224542290523316237482421824734246242433225247256332391321544
 512971             198571898818516182721862819884226482401124750256832655127133
 512972             276302823328560280212886528420275752696827122265292428621755
 513971             200881906418580183501850119893228002401524372249372580226466
 513972             270562784828640295002999730651300532898528997287902645323522
 514971             215082027419646192951944520729235762502725773268222804929282
 514972             304603156832581335363423934212334703234432182315002889225681
 515971             235002206321285208022089422160250642650527285282492926029958
 515972             306163154831909322833227831499303542935729473287352654723812
 516971             217792070119804194061946420692234682490725705267412786428811
 516972             296363063731472321813244931909308322959729159286242692124353
 517971             224282103920159195951934219657201772114023171252372705028600
 517972             296283056531448322113266032727320903097030471297672793425549
 518971             235792209521098204682011920067201202073022603245452631227680
 518972             289782985830703312813172232076317943104330921308962892725920
 519971             238612268021919215942182423084257432735328747300983147132561
 519972             332583406735048359543656836329351643370233041317632900225679
 520971             234962213521266207792076821902245772617226684273522812928629
 520972             287472933229579301053054430485300882923429508288872671623862
 521971             220522096120212198752002221345241232542026027267912773728404
 521972             290542970830135304663048029927291762857628558280942602623501
 522971             216082060820062197881994021257240902539326066267842767428189
 522972             286442918129522297142984029475287782818528598284772644223962
 523971             221282102620321200502014121458239442553226583276382876029512
 523972             298663054131017309953067629828287352777627820274012599123921
 524971             222782109120403199511975920043206302145623046249452649727621
 524972             284662905129390298343011829901291652828427988276672617224185
 525971             225102133520470199021971919663198142043922244240542566927430
 525972             290643050931753326693330333663330813215431875317603008527763
 526971             257722447223590228862277123084235852435826188286893123033232
 526972             347873621937414383993890238957384613706536483359333338230356
 527971             278872642725483247512466825604277382926530897324773401835476
 527972             369503836739082393983910137642363263471933550326252999427013
 528971             246082328122338217062173122890249492620027230283802973530897
 528972             314553243733393339553426933908330433183231152306522835525487
 529971             230722173620964205162045621833239572534526883291223050431887
 529972             327513362034379354533620836255355013419833604329333047027563
 530971             251252384722831223492229223330253282688328383298193125532587
 530972             338793526136383371233710236536354033374932967319323000527535
 531971             251892333322144214342105321157215352238624149260542752028538
 531972             293162993430663311943160631598310942980628798284332655824306
 6 1971             222672081519884191971889918885186821936021088230402480826308
 6 1972             279312924530407315013239632857325833152330662303902823125231
 6 2971             230792158220826202482032121287230612453126477284223043832192
 6 2972             337583522536675378143852238293373393568734660338893112627569
 6 3971             250442340422311215452140922293239282545227193291993108533067
 6 3972             344693604437240379483818637748368163540334538339863146227977
 6 4971             255952389922899222072207823054248392630628161302743239334152
 6 4972             360353767738837397343970839375383553675335882348283215228688
 6 5971             260652446523428226752253823645254312690628560305293245933978
 6 5972             351683655837587384093869138239371703570334879341213171828343
 6 6971             258722426023210225452240223433251882669628431301283203233484
 6 6972             343843538935761358023540234380330073167931274306612896226578
 6 7971             244192296821968213362112221613221952294324675267112852129752
 6 7972             307143139831847320923220432059314593049630132300552840026138
 6 8971             243172272121826212092081121062211022169123375254302722228818
 6 8972             304973141232118326503306032924324403154031380312472942826458
 6 9971             242762293422149217242177922980248262636727995293593091132262
 6 9972             333983459235824371003803938097374403600935109343893160028001
 610971             254952392523010224162239323527253892672628234294583060831289
 610972             319313305933987351283603236101355483450233726333283109527550
 611971             251072363422617219392184723039248732650828702309023317935105
 611972             369173861140088413454199741931411793950938276373193451930799
 612971             283582662625342246872443725404271992876830772328303533037393
 612972             391934099942348435084399643727426754098139753389123610132396
 613971             297462801126722257912556926424281632968831668336933575537559
 613972             389484054141774428274320042917418524002438864380903550632421
 614971             295212754926268252332479124955251552611628631316173369335518
 614972             370263814739240402154069340556397253815937329366343434831763
 615971             295372765626132249182408623870237912415125799276542981431927
 615972             337843521136497374953822238346378693688736148360353417831050
 616971             287152718726249257892582826714285523019732253340683589937744
 616972             395744122542412432384382743717424044035638662376743464830941
 617971             283992690625884252982504525798276432872630321316963351434559
 617972             341043505336072366833773337767374903641535381348313240028890
 618971             267172516424073233532327124095259092750229717317853409736349
 618972             381703987340962417254224042166411523944338075372783439230858
 619971             283682661725479248742472325655273342911231409339433632938670
 619972             404504158642230432094383843487422204050139097382383549832035
 620971             295102789126722260152589926776284753003832063343573659838537
 620972             402084155642634432184330442592412753966538273376243546132631
 621971             303402875827581265262609126207264012735529401314443331434718
 621972             353293542535267350123465434031329923162430654302312871926698
 622971             250252381022952224882230922441226812308424632267542853230194
 622972             316343252633327337703320832785321543133431441316783032528005
 623971             260512493724304240132424325347272502896030861328123486936752
 623972             381083928340084401023975639118381793688935897353623299929732
 624971             273452592725037244182440725282270682869130555325363466436633
 624972             380683947340606412254127940532392133745036647359803342830142
 625971             276392600524933242682422125105268282840830434325973506737167
 625972             388184027441234416334155440921398543823637175364053395730694
 626971             281302659125406247622473725550273432884631055334403596037998
 626972             394474046340968410004087640253392043774636753363613382530586
 627971             280952649925504247752462525435271492877531182336873616538254
 627972             400154164542547431994334442895415983983238410376223531832330
 628971             299162803326801258712540925398256482672429318321743467236376
 628972             376623851739171397864025740380397393837837027363223427331533
 629971             294552763426364254932499624826246602536827865305713306435249
 629972             371013854639530403514094641126405073938038199378073551732196
 630971             297712811927111265152647827171286273022732580348333719339446
 630972             410324266843765449124539645114441474256441012402053730333773
 7 1971             308662894127770269682669027377288423037832640351273754839725
 7 1972             413924299944107451344557045251443914281541178403413748033872
 7 2971             311402913927841270692676127428288613031732629350683761139748
 7 2972             416484344044832457984640546102451434349841923410563816034397
 7 3971             317592960228208273542713727863292183074633049356893812640324
 7 3972             421234386945047458134586345487441224219540509394283682033427
 7 4971             309222896227540264832585825685254542577527684301753256634342
 7 4972             353693630237328385013917439299384433670734991338273199030020
 7 5971             275822616624844238972339023279232232371125635280143031732135
 7 5972             333233414835120358973650636706361193511434090336723171429340
 7 6971             273352574424481236142308022877227962317524944271572908230801
 7 6972             321363310633768344053507035647352223420033412333183142628782
 7 7971             266202529524328239122397924762264872790030046325733498637320
 7 7972             393324115842716438814449744248430874138439942391883637932790
 7 8971             302462831327176263852618626879282862986432182347603717039088
 7 8972             403734128442320430864354343399427314126839935391743631932855
 7 9971             304412871927691270422687127612291583048832437346833696139036
 7 9972             407634227843333442514412343094417704000338858380803547032224
 710971             298252824227180265172648827225287433028332428347763717939304
 710972             408474240743646446604513844892439534222741018401363736734079
 711971             314492966928515277632746428125295353089933227355943803540064
 711972             416984316644236449994525444655433804154540053392613682233791
 712971             314482947428120272882666226680269102786830435334363613038228
 712972             398624101542010428934339843244423504100439535387193646033535
 713971             311372909227671266822596625657253432594728464312103381036156
 713972             383513996241380423284307543377428164167340372398533735933785
 714971             313302941628184273912695127591289273048132971357933853241004
 714972             429864481346232472074767747432460714390142289413133828734256
 715971             314882941527964270732675627340288233016532794353863828440902
 715972             431044491445861458634532044416431564152140295395883668733108
 716971             306692871927464266592633627082287082995032227348303766540289
 716972             423384432045709470324745347207461914429742789415583848534618
 717971             317462960628520274932719527792293993069733023357303869641210
 717972             431744473745461455654567445586448004334642083411663794334847
 718971             319913001628661278092744628140296043081333052358133851341004
 718972             429694467045803465784681146167449264289741469404603789434792
 719971             322243028728846278812727227186275042806030584337753670438994
 719972             407524187942667431514349243479427254123140015391573685334046
 720971             317792986528571276532694526598265202677129225321723504637537
 720972             396734104541438413434150241631412134005339198387693645033517
 721971             310652955928582279012774728389299503116633707363563915241560
 721972             434974507745824458704584745495445394297741922408863804834741
 722971             319503017129003283162816528893305193168633945365043925041640
 722972             436564534646471475804792247553465274489143684424823932735707
 723971             331603092929588286942835728985305563162933958367223952742074
 723972             442384604947643483624878348558475344588744596432704018136430
 724971             332263116129728287802838228962304813152333755365183903641672
 724972             437954590247242459074625647529465134476643530425543962235995
 725971             333343143730000290702879429179307883189034251371903949541933
 725972             438434552446756472494738546902455334375242392412913872635590
 726971             330643105929652285762791828296280952893631722350133782140205
 726972             418704313443972445894492544637438784249241396404963814535159
 727971             326123059029159281302739727127271532749729970331333603938709
 727972             409784264143781445514518745281446764345442559419093913935908
 728971             331363125130052292562898729558311143233934691376844056943155
 728972             450994694948233491254933848807474794562444501432244000636391
 729971             336063164130258294562914329806314053261134530373814034342872
 729972             449914680548261491114907447728459954411942949418653887235249
 730971             327563084429511286572839429149307923185333706361093845640929
 730972             427274405344561447634465643885426404093739976388423614832801
 731971             304302868727612268702676927719294953074232606347413703639119
 731972             408644265043941446854480844027426614104640107390693609932944
 8 1971             304242865927411267082652627308291223035032304348313751439802
 8 1972             416564350344733452034537044736432884137640232389933624433257
 8 2971             309272904227568265992593225902262712683828913317193455536942
 8 2972             387483997240969417614222042039411923970038586376193525932458
 8 3971             301662828226930259762540525161252142543827471303173320235818
 8 3972             378793953340688415184222042420417354047139702388513614732952
 8 4971             305332870527494267722665727357290133015132535352723814440796
 8 4972             429094467946019468604711546712456804394443043415493827434690
 8 5971             317922994528673277822754828311300943131133353360393903741685
 8 5972             438504546746447476714796247475462494436943220419123861335063
 8 6971             322323021028812279262754428267300453112733197357193856141163
 8 6972             434934552646879474834751746642446304253441603401233723033720
 8 7971             311402932827934270192666727351290883009631087324823409535243
 8 7972             361653703937638378223728936062346473353133534327753055327957
 8 8971             258932475323958235272354824553266502801428957298963080531352
 8 8972             317213233333013335523347933252327553209732148318553033228268
 8 9971             263362498224128235942342423795246262522727321298893216834144
 8 9972             358653741238827399924105541442408143941838618378123559933027
 810971             306602899427875271582662626541267282683928669310273320935080
 810972             369843831639432404174145441813412764011539717388513629733137
 811971             307342926028348278612782128880309733210233647357383773039493
 811972             410724272444079450344566945598449144328742543411793804534499
 812971             319703016529004282812817029117313683232234044360033859740626
 812972             426044452745999470264703946421452694383443212417443834534698
 813971             320733036629075283892816429163315873250834211366583940841780
 813972             438384593747444482144829347715463524447343707422523890935187
 814971             324233061629303285192830129316319073288234543370403953841729
 814972             435364543346955477914828447920468524499544136427093930835617
 815971             328023120130166294332917730084325593363235433379284023442286
 815972             437704564246927478984803347499459664403243051418423902736288
 816971             336143188530627296922920829290298473041232720355743818640456
 816972             422454364544706455364584245624446484295142374411433873536034
 817971             337903210830810298912920028938289652909831223338943670439245
 817972             414654326044578455984611346186452394391643501422623913735729
 818971             331723150830478297602966630454330173362135367375164017342448
 818972             443944621747311478874837648055469884530544742428053918035309
 819971             327783083429672289132869029693321913308834470364123866940453
 819972             422954388445185457964617745889447644320543104413433787834381
 820971             317123024729015283182813429245319723285534665372173979042451
 820972             446244690548565497745036549670481634589045085430783926735217
 821971             324983063829425285092827829381318783286234366368093957242151
 821972             445134671148342492044972648618472544561045145431293961835861
 822971             329723111129758289142862129627321023305734377365533799139460
 822972             414444333444812457884646646224449654285341783399643696133931
 823971             315902979528485275252691726819273182771529269311833317134585
 823972             358863687237970387563900139155384473683536278349793267430069
 824971             279282629825149242422370223528236742382825810284303095233262
 824972             353303698538186390713970039772389203749737233358533287829603
 825971             273032573024703241382406025168277252880930326325653479636820
 825972             385874037541880430614384843677424824050839892378433421630347
 826971             279202626525143243662420625282279322895730211323783475836912
 826972             387124081742424436994450744264430304111940496383143463930951
 827971             284212676625614248642470925867286312963430933333013588638197
 827972             399654197943563448044557245286440644210541602394953592532133
 828971             295412781726737259952590726984298323086532230346223718939458
 828972             414244348244913460144666646214450664316242772407643727933487
 829971             309302920228024271872709227979305213165633135355823822240464
 829972             423714431945704465164669746082443874213841325393713663033377
 830971             308512906227625266272604625847261012633528534315523442937008
 830972             390714067041829427634319642945419144026639738377753514932407
 831971             300812839827050260052537425010250732505227075299513294235601
 831972             381123990841227421784261542422412713960339153374203502332226
 9 1971             299742833027189263852582825886261762608027837309303422037018
 9 1972             388583987641256419344274742758421024091740939390833574832330
 9 2971             299372840827315266362651527648304703167532949349873766940247
 9 2972             426094483146238469574709545793441714254042293401643661633086
 9 3971             305522894427924271782709228183309133185132901349353744440201
 9 3972             425284451145477459884607744943425814084039994377713449031251
 9 4971             291512775826664260412608627345302653131832026331893436035403
 9 4972             364333785339176402654088940504394093804138059362173296029696
 9 5971             273812598925006243642421825270278952879429597310383277634565
 9 5972             361633808839553407944128640883393633711536369343143165428860
 9 6971             265492491823750230092262122785233302375225487279433081533224
 9 6972             349403688438369392893998739759386963711536510345453200429380
 9 7971             271042551424354235092296722931231892339625178280523097633743
 9 7972             361463813839554406234127241423406193922139147372213429031206
 9 8971             287562727126413258762589227068299473106432318347473721639569
 9 8972             418664390745540466104735846969457314412443651410223742133641
 9 9971             309162924928073272792702728071306183162232777350603764340105
 9 9972             421804416145616465764662045695432534050140100376783425830698
 910971             283972681425655250252491025964286302968730456321133400035822
 910972             378613946440943419014256242218409253915638814363803296229444
 911971             267942532924282236032357224745275212859329175304743229834156
 911972             359573792339714412134206041838405803903238692364723305929690
 912971             272282585224866243412429725422283042926530302324153491137177
 912972             391694109342406433274356542879410223917138559366553419531296
 913971             290462755226446256482517625331260122652528578314653439436675
 913972             385554006341209418444217841934408713941738983371173475332185
 914971             299332831227007261312550625210253532539427516304513337536219
 914972             386574054841796425334284142715416654067540377384273546732142
 915971             298132839827407267692677127861306023170833004353673799440497
 915972             425934456545725464564670746150448754347942970404743713233672
 916971             309062937228150273662717628209311063194533063354403800840191
 916972             424054424445880469524747046948454924404843675411203759433987
 917971             313742976928616279012786029003316333262333816360893864540987
 917972             430074518246853479694846147882464114496344404418473824834586
 918971             319693035629073282762811529098318923282533986362683868140765
 918972             426004442345694461924636245599440374288842716402753692233494
 919971             309742950528283275232735828337310403202533083353193789640025
 919972             419064370744789454924574644981431524148440679384113572832810
 920971             304892882127435265102608026059267602734129291322173502337237
 920972             391224043941424419644203441393398763871137996359123351330609
 921971             285282677225500245592395923774238952406425393271622879630296
 921972             316643283833732344723504235042344713455834735334423140828660
 922971             270332600925454251832541126769298793132831712324843324634046
 922972             343513466634894351273524435110348523492335110335193108528495
 923971             266702565824955246122487126279297513099431499327313386834773
 923972             354393604336139363253639835930351253498334943333133063727765
 924971             256752454523782232652331824533274032863428727291902992130375
 924972             305913096131207315263178331575308593100031142297852757024777
 925971             230082198321359209942113522448253252661426891274952821728743
 925972             290682952330075306573129331299306113051930858291182685524075
 926971             220892106420335199042005921325240752515325594267292816229427
 926972             305603204833566349313589835594340633255031601296722752725073
 927971             231642167320771201501995820206210342158123066250062698428765
 927972             304003197233562349973588035910347493347332675306812842326041
 928971             240262257121606209432050220477207802097122523247112698429329
 928972             318283408235945375173835638310371073617335642334663055227379
 929971             250862371222808222802229923411260892728128096298993190833897
 929972             359153805039966414064223141952404863933638566358443242429065
 930971             266072519824182235362338324466273962843529044310653314035044
 930972             367563865740320418034253142225407723986838968363643291929546
10 1971             271762562424565238782370924716275942881029379307783241134066
10 1972             361193842740496419514298442608411444012539137363823297229695
10 2971             272402557124532238462378524896277332898529391311483328035452
10 2972             374573947641120422294264941843399803901338201355953234229153
10 3971             266402508023947232782310724133269302824928769305903269334533
10 3972             362593793739467404414080739873378173629435018329113050127896
10 4971             258342431823184224952222022377232162389825341275862986631898
10 4972             334233468735621363283651936088347873413433263315312936727142
10 5971             253872392322959223872204821968225192313624488266142875031063
10 5972             329603435235089353963532035020340643418234060324553017127532
10 6971             257332447123731234252360824918277532944629971309123231333904
10 6972             352583628736954368753656135619346873510834625327873006127247
10 7971             253132418223425231062317424506275302929729533302693098931536
10 7972             321043283833140332533338832846322363285132742313742908026588
10 8971             248522383523235229642325024720281072994230240311383215032944
10 8972             334723420035032357283627235878351513544734877331923076328171
10 9971             263262524424518241752425225630288413069331020317453248332922
10 9972             328033378434120342593425733873333683393733749322752994627602
1010971             256412435323577231752330824557276282973630144309173153632385
1010972             328463355333852338793371433206323173266932064309082926827757
1011971             257332458223733233372317723315242682546826773281302912829724
1011972             298812954829497292332908228956290862980329377285302738825991
1012971             246172360823004227242259822572231342403625208269322846929389
1012972             301973071430774307213078530818305963133430967297502792725971
1013971             242262292822078216902173422656245212577725833263272650326644
1013972             265512673926711268472681426635261902715026914255402338721427
1014971             198211896118658184561876120072231622450424283246332511525207
1014972             253822558625772259232612825876254762647426436251232308721000
1015971             194971868718296181971847820192233342476124429246922510225371
1015972             256052605226431266672694026749262712708626919255062339721193
1016971             195991886318380183291867620177233342482324496248582534625594
1016972             258132630026743272392763227201266252751127277258562378721513
1017971             197651899918523184061867520212233002474524522249422548925750
1017972             259812650826939273052743626908260402643825886247022327421469
1018971             201801917918631183851840118830198462083721935229412365624020
1018972             242372440724649250042546725535251642585625533243352298721294
1019971             199581899218466181101806518066189801948920428216102259323489
1019972             243772521525981268052743927720272422808427900264462442922299
1020971             208221979319356191621949320819235382517525350264032763728629
1020972             293363018130858314393161931160302953082630246285202592823454
1021971             215622063120032197831994521255242112587025744265522749928131
1021972             285682915629485296962974129431289902958329051273472514622910
1022971             213692049119933197442000221202243492606625994260272640226363
1022972             262292621226102259322592625821263252723227040258352388322111
1023971             205061980719444193131961621105243022604926060267272746727682
1023972             277452780327827280262801828073280132902828662274752541923269
1024971             217052084820382201562049221795249032667926654273322822328896
1024972             295723052731328317713201431327301833020329301279522637624640
1025971             229732189321313210082094221425225172378525014264362772228554
1025972             286062854628292281272790027428271052760526909257262425422720
1026971             211462065019243190311903619469200702107322593231882322023064
1026972             228292252622142220672221623162250172548925281244792323321710
1027971             206132026220317204472125123184266922741527077268392642325813
1027972             255452540625181249992501225845277022769427082258142376322105
1028971             209962062720436204892113322916262932678826554263292623326028
1028972             256892571225475254152555626276277462761426913255332337521517
1029971             203171969819470194691979521333244852539125348255912582925841
1029972             258932598826000260922613926656279562750026916255692357921575
1030971             204211970919378193101957521013240842520325731264172712327559
1030972             278382819528560285162844828562296602929328563272492535223326
1031971             217842089720417201972048121851248622598126770278182886829768
1031972             305443153832216324303226931326308222897527670262292457822931
11 1971             214112054219948196381964519998206602155323236247502567126157
11 1972             262732611625855256562527925084260312520324290231402187220561
11 2971             194031862118177180061805718428189591973821060217092201422398
11 2972             226522281522788228282289523544252502487224402233452200720221
11 3971             192661883318764188391950621461248372566825599255892570325720
11 3972             256212576425832258272584326157276562724626580253362345021696
11 4971             204171985519701197812022722220254092619625876259462605526257
11 4972             262772662026850269182692527236285772809127401259592398521952
11 5971             206201978619536193501970321121242402538326032266862722927643
11 5972             278042800628104280672798827973290282856027555261632399221973
11 6971             206502000219639195192003321638249122593425878260352613126064
11 6972             257972575225634255462542926180277982765327248260002439822475
11 7971             214582100420900210502170323630270702782827411267262640125851
11 7972             253272519424893246952463925218265042599925532246572362922452
11 8971             212762068220334202382057521224224532338124223245262420323781
11 8972             232022274522523222702239523350248362444923855230932210920873
11 9971             200101929118995187661886018961195392019921590225132287423052
11 9972             233322323223118231822359524943260042564525239243392285821221
1110971             201031971019602198352038922257255392690327130274662788027895
1110972             278352770527463275782823929050308263053029923285882660924624
1111971             234862301422962230642375525599290412974529180286752822127628
1111972             271912695326811269272764229271303352979829101278192589923859
1112971             226792212421872218882242624122274122843328058281182810527976
1112972             277242744927338274642806229418303522981429163278362570223705
1113971             224862194521675216662215323805271952819327752275722758127302
1113972             269672679826589261482677827970292562890728334270862524223237
1114971             220642150321311213402191623662270922778127461274352747627287
1114972             270022678626507264262655827748287702830427779269582603324805
1115971             238242338423246232572366524339257462747629173301163024029611
1115972             288112801127474271192746729115305113041630243296042878927873
1116971             269432649326371264672679027314282512905529498289402785026885
1116972             258552492024111238462424726343287092935729485290322764326272
1117971             254932534625280257372644528314318853264132119317503131930703
1117972             300402954429085290562974431325324883208131393299702766325598
1118971             243072373323560235782408425952293953035029709295762933228878
1118972             284202793427462272332748328779303763031629920288302703424911
1119971             237802338023231233362415726030297433053729536287362809027344
1119972             266792626825713256232584327306288792866528449274022559523624
1120971             224642196021775218292240224132276472856928060277932752027070
1120972             264492608925767255792582127204284602803127578263392443222469
1121971             212032061620062201792073322402259312702226758266332659826210
1121972             257162552625273250502498425961269542646226019251822412923045
1122971             221472163621492214432180922521239392524026308264652588525095
1122972             242762359323023227232281824168255362532725010245182358822677
1123971             218062137921183212522159622124231452412824830245372380623354
1123972             229642260822215221082231223746254512527125085243012323121727
1124971             207872036520395206112142323306268112784227385271912688826417
1124972             260372567925665254272541226683278752747226933258222396221997
1125971             205701982019490194121982221211243142547625616258782609226161
1125972             264362636626177260542610726962279612737426720256222405522228
1126971             207731983019428192041941620602229262419425304262082694427139
1126972             270112711527081268022661327384280852745326580256602421222251
1127971             209862008419180187601882218841196902036121973234872442724746
1127972             240262324422561219792162022184232672320822833224592156420624
1128971             194881882018481184441854119092201032100322086233432390324316
1128972             242382417823925236392359224294251212455423902231962222720926
1129971             197611908418725184881872819173198932085822181228972334423307
1129972             229482252922208221022220623546248212459724221236952271421642
1130971             206442005119692196921987920105208682171722768231622329123070
1130972             229082258822346222922250724234260012608725680248472349021564
12 1971             204381995919895201182069722638261922753627205272632735527158
12 1972             269012678626471265002698228670297382942928852276592543723271
12 2971             215602097520639207382119823117264802783627392273992758827489
12 2972             272962719727072270562750328880296422918128610273012510622827
12 3971             213392066320335202282058222318257572711326577264782640326259
12 3972             262172643326420262672676428448300493005229831289142688624665
12 4971             234932315223138234322435926655307573177330496294152843027425
12 4972             266102599325477252432528426835289872914129203286382704825084
12 5971             236142335023549238472489327309312523237531255304592947828483
12 5972             272922672626129257332600727836298362965229632291722807126395
12 6971             253302473224510244532487225830272822869529736297272901027970
12 6972             266242556124726243922502927354287512849228196276142638724943
12 7971             235492274522245221142209322571233912461625885268562718127202
12 7972             273142732126999270662749628661294172921328720276022579423646
12 8971             223222167321477215882215024161276092878028073276752715726622
12 8972             261692608725955258282585526860288122850927939269722493522673
12 9971             211372045520377203872097723015265772775527294270312694926637
12 9972             264702655426519263242625327470291032881228373273522544323224
1210971             221002171121709219142264424775288013008829647292532890428270
1210972             276232715526710267302748829702319173199831873311352914627103
1211971             257932522825187253562619828350321723350032740324323223131723
1211972             313623103330896310743221234310357973567335204340103168729355
1212971             277422713726975270582770929691332593443433875336393335432865
1212972             324283223232130320433264134399355803524534757342573294931418
1213971             300622949029364295042993030785323213386734394336783204330364
1213972             285812717026038254992583228145305803103131176310483022428896
1214971             278942729327199272512751628217293513029230606297442808226589
1214972             254782437323528230282312125233279912858128972287812755225592
1215971             247502460124761252832639528948330393410032445305542938627936
1215972             267922616125548252402538826846292902958329579288432704824728
1216971             235442310123108234322437026785307353188930221287652782326862
1216972             260622565225256251712534626582288772894728807280812607723854
1217971             226722227522296225942347626043301563150430249291022807727046
1217972             262242574825315251602521726608289732911029137286412680024701
1218971             236212323623269237312458327037310413228330754292532809927032
1218972             260712571825263251932517426336283972840528165273562580523614
1219971             224552161521402214632213723955272252844427995277652742126765
1219972             261102587225604254232528826227277332721126592259092443022558
1220971             208651987419355191211926619528206992222123763250822584526021
1220972             258282552625299252542564326989279372746026773260572475923273
1221971             217582078720427204362070321357224892372325152258162561325126
1221972             246882413123565230712313624710269702729727233268732570024083
1222971             227922237922332225252338625146277322934529630289912828327665
1222972             268432627125913255512563527332292982909828602277672619624138
1223971             225992176421386213512181423143255222726128123287082911829048
1223972             286662856328248280562820928736298172933528822283302704525227
1224971             238842307422802229042347524874270272839828876285952795227060
1224972             256422455323685232722312824392258922554525294252082480224019
1225971             230802250022211221652239223049240622490025445254892491024004
1225972             230332199921310211452146522951246052488325031248402419122958
1226971             219602142421166213782192023065247222615827484287462964129811
1226972             293752885828413280082843129705312103124630974304242945728080
1227971             271622658426334264562688527576288292978030257300282926728131
1227972             264482502923883233072338625267281542877029088290422839627362
1228971             265322604025988260042626526846276852831628883288942807127176
1228972             262992557725293250302542527239294662971729757292012815926577
1229971             258232551625635259542686028761312383267632527318373087929527
1229972             282792716326437257702559426872293662951429260285992719325478
1230971             244052405424154243782519527077295723110230758297472862027431
1230972             263142548424856245012434925669277372776127500268822565724004
1231971             229742250922508227642352225288278942945029530289842827627324
1231972             262132551024696242072419425657277312737426619259832526824556
