 1 195196505386     197321936219115190191916119515202202106722074231052364723825
 1 1952965          236772297022214218012194523474255092591525959257432523924101
 1 295196505386     232632287122727228452336724248255912669227586282052797027212
 1 2952965          261472509424364240562457426369280682799527539267362522523417
 1 395196505386     226122212721946220462268324512276492917729305294642965329351
 1 3952965          289692860128007279302827929717312333098130480294852758625558
 1 495196505386     245442420124091243652496627008304383190031372310613079230098
 1 4952965          295602910028801287192936330929328923278632268312732916427087
 1 595196505386     261142565025653256732620528082313433270632216320753155630758
 1 5952965          302172993629761298563030631545327073224931419300342779625388
 1 695196505386     240852350723119230162331624872278212911428274275612651425480
 1 6952965          245612400223397229382272623503252352506724707241752334122169
 1 795196505386     214172109521071214062186122988245742606327156272292654025423
 1 7952965          241402282321751211392115422302246902488024840244752374622587
 1 895196505386     217452129821124211112135721839227262358524217236932268021805
 1 8952965          210002042219780195421956220415224082265122424215882053118982
 1 995196505386     179841780917805181291886420815245222624225542248962452524008
 1 9952965          236002330923190230262296623382250152476724141230052118219081
 11095196505386     179921737117021170221736418721218642349723198233372368223785
 110952965          236872375923779236902353623721252052487224222230792134719301
 11195196505386     181591746517175170261739818839220432367923468237092407724278
 111952965          242882449824531244512431224366254952538824789235052173819509
 11295196505386     182921760017185170741731318646218112354523431237672430624484
 112952965          244252444924432242322421624660253462495924315228792088819007
 11395196505386     178881728516941170251754319177225262432924123241932433024126
 113952965          238512349323228228702260522909245102418823753230972210720790
 11495196505386     197081935019104191971948020255216612304324155243892397523150
 114952965          222242133120674203522028121058230452320222892224772178520669
 11595196505386     199661953619432195321976620411214122263823434229002208721213
 115952965          208122033219674192361910419885216412231022198215952068819362
 11695196505386     185241825418203182761893320433228132426324546248952500824675
 116952965          240992370523241229522288223547250442471923861227052102519014
 11795196505386     178841724216909169881729218893220562382223616238242402224026
 117952965          238512367823422231492324023982254652526824769237532204220063
 11895196505386     188701830518077181051853920154234842538825265255212570525629
 118952965          254242553425345253622563326702283212826827869267422492822987
 11995196505386     221252171621724220242267124805286353000428742275472653825419
 119952965          246672407423547233262331024220263232663926403255122394121993
 12095196505386     210172065320517206612133823210268532822027384264962555624655
 120952965          237232326922825223572229422728242922416223772231272221820786
 12195196505386     199311946119388194281970320507217802310924164244952407723223
 121952965          223092158120915206612083421631232732327722845222572135720143
 12295196505386     192791871418382182901838118714193082017021523224142275522954
 122952965          232572321423138231112348424430259172614125922253152404222260
 12395196505386     215892152421685220912290825211292673081329870288472805726925
 123952965          259302509924220236502368624503271372786827683269192541123488
 12495196505386     227332253722591228962366025845297563093729498281162710025980
 124952965          249902431523963236732412125470271182697526535253242333321295
 12595196505386     202051965319392194251983721668251102647325870256632554725112
 125952965          245182405623586234332373924481258462558824966238902189919842
 12695196505386     187661820817893178431827119899230752457624258244782457424424
 126952965          240732391023705236332368024009250952498324381231962136719388
 12795196505386     182361764117388173871773419266224842406023701237722403423869
 127952965          236322357023501232932306422946238582373722998221772096519454
 12895196505386     184121778417430173871765618209194262067822098230072327023183
 128952965          224562175721329212232142322081234912364623218226652177620488
 12995196505386     197121913318977190411920219800207682190023395242292436524333
 129952965          243482418223987240132433424903262122659426438261442469122855
 13095196505386     219762159821673219352265224880286703028629552288732793926975
 130952965          258072509824150235722349324114266502743427308266102510423233
 13195196505386     224032216422161224782317925392293433042228852273282619824954
 131952965          240332348923015227752266323007248222516324871241562246420635
 2 195196505386     197441946719422196802046722538265962774126425253622454523784
 2 1952965          232382305522908227692277722804241572450123968229842127319468
 2 295196505386     183301803617953181731883520913248162611325099243712395623613
 2 2952965          233842349723611235352386123472245392479524159228792106419068
 2 395196505386     178561721917033169791752119094224712390123652238022392923861
 2 3952965          234882335123083227922253922434237332391023363225342156720098
 2 495196505386     192061882318714188711927220091216802311424089239322334122442
 2 4952965          215102070420121197811974620176217872224721880215052062519377
 2 595196505386     187651831218193182591855919055200472105821890218932144621083
 2 5952965          207002024719834196451986020498224552341023293226112143720041
 2 695196505386     191491891619025194032020822458264222771126759258232522124491
 2 6952965          239072348423168229552288123036245892515624654235272188319957
 2 795196505386     189971862318443186111912321026246342593325336252482525225231
 2 7952965          251742509524844246282475025569273472771827319263472460222684
 2 895196505386     218642156521657219172280325118289933011328843279042709326025
 2 8952965          251502449323945234512372124718267492725326987258952401821969
 2 995196505386     208392032420088200772048822361257452707726373262662612625473
 2 9952965          249262452123975235122349823914252652574525299242142232420273
 21095196505386     190741858918326183211869920369236582487024381242132410823886
 210952965          237092364423507233922314122922239112398923199223612121619771
 21195196505386     185521793317713176361789718510198292136023081244232498825157
 211952965          249802465924321242022434124933261392621425739252082436123128
 21295196505386     222942195321936220722232922800238442504926545271292679226091
 212952965          255822469224026238702436225337268332729427015261252468122652
 21395196505386     216582146021339215102224224295280662961629431296792974829476
 213952965          291872881228496283452868429551308233069730075285632664024270
 21495196505386     230462254622318223072280824596281602921528621283922827827862
 214952965          273532701326419261812624526619276012749926745254232335121164
 21595196505386     197401899918644184751873720212232422463624330244722458624337
 215952965          240632396023713237532401924607259442622325772247482298720935
 21695196505386     198121939019147191771966421357247702625925963260822632625925
 216952965          254472518125029250792552326292275842780727365262332446522376
 21795196505386     213322090820641207692128423133265132796027732273202675425956
 217952965          250782434323789231782281122767240232478724418239362292921770
 21895196505386     209202061820560206522107521950232762452925235249232420623067
 218952965          220492106520473200832019020629220262256422189215732063019512
 21995196505386     185541800217789177221793318311192261990620805208522075920428
 219952965          202171990319534192601940619816211302224121905211802018518869
 22095196505386     179541756117684179651865720416232652471624540242812393723672
 220952965          233222324423100231332309923067238472457023827224102073618791
 22195196505386     175721713116925168951740219352229802425223660233622338623185
 221952965          230962320523321233762328922974237622444523767226422070918800
 22295196505386     176691719117063171871773019546232032441123977238582362723326
 222952965          231152316123046229052286722722239112446423967227742099818939
 22395196505386     176961717416842168551718318807219832313623076233642371623817
 223952965          239652430624526246052440024093245732524924522232542140019233
 22495196505386     178421710916790165741689718384215862284923054235072375723619
 224952965          234402340523263231102278822422229252327322526216332045818955
 22595196505386     179711724516978168491702517570186591979521082218542206021949
 225952965          214802102520627205732071021182221762243021882211892013018795
 22695196505386     177181703416583164831644416613172191775119046197812022620404
 226952965          204932024720003198572004320634217602257422211213962000018210
 22795196505386     171231652416231162571661718016211192234422815234742400724225
 227952965          243182439024363242722408524072248912532224598232542151519195
 22895196505386     179881733416957168601718818695220402373923898244022484825136
 228952965          252422537825247253322561726276273122766027049259102407722044
 3 195196505386     209482054520380204782098622992264462778927528277392784027638
 3 1952965          273292704526824268112734228205294582965529209281822607524065
 3 295196505386     231702267822569226882327225212286993003729878300533016629960
 3 2952965          296312946429195293142981230600314613168830963294732729825122
 3 395196505386     240412360723390234982410125875292583040730207301592995929309
 3 3952965          286712799527375270382703827578283882841827788267252524723521
 3 495196505386     224282172221474212772147621955231572432725683265192654525990
 3 4952965          252692424723623232862325623614243992464824089232712219520688
 3 595196505386     196151881018361181961826218604192761998820991214432150521262
 3 5952965          211262076820322201022032720899221102332023062223592086319183
 3 695196505386     182041783717664178101836619962232242434924466246212480124789
 3 6952965          246222446024489242802422324107248632560125007236702172719625
 3 795196505386     183701787717918182451874820924250952713927677278742796127752
 3 7952965          276442734426829265052650927001288753050430401294972784425873
 3 895196505386     251322482124955253632624928547322253279831424302872922227833
 3 8952965          264562539424443237312350323776254802733227585269892546723694
 3 995196505386     228242259522780230262385526057295953006028504273682627325175
 3 9952965          242642358623041226512250222730242202575425798249452336421449
 31095196505386     204922021720210204032107123084266302734526351254852478624051
 310952965          233302292522502221272189421709223842350723136224602129619854
 31195196505386     189661843818211180961829318885199532097022022223992227421925
 311952965          213282068220222198781981420019207742192821501207371978318383
 31295196505386     173251670116332161491615416381167921731518633195091991320195
 312952965          203352019119909197021984920491212922210821863210601992618418
 31395196505386     174241682116590165801700218217204932174722668233602381623956
 313952965          237942352423448235032349023426237272437423645224312091819049
 31495196505386     178741723816912168821723518633210892222222778231952362823682
 314952965          235792358923540233432312623024234822428623617224922091218995
 31595196505386     179641735717032169961735018694210212210722775231072339923278
 315952965          230262292822825226832256622693233602391723458224512086519062
 31695196505386     179431734017017169811741218776209642195022399227432300522966
 316952965          228102273022491223992223422157224972365523118220212061418826
 31795196505386     177111704116821167891723218554207042180022313226762305323145
 317952965          230562323923432233922316322846227022339122627215912028518885
 31895196505386     175871685316472162341638916846176031859219853207492136121680
 318952965          217332171521750219112207022055221642313022442213692011518702
 31995196505386     173351661016141158721584016066162781694818172191611985520475
 319952965          209852123021532217812200122187223352362723374222692071518769
 32095196505386     174731676316435163511666017953204482176622677235442447325082
 320952965          255792612026555268372673226058258662676425964242972225719907
 32195196505386     183651755017134169371721218532212242254723129238962457225061
 321952965          254992613726981275332764927151266442745026689251592303420701
 32295196505386     191431830017782175401766018930213722273123518245542569726681
 322952965          275472865229682303923047629872292052994228868270342468122156
 32395196505386     204561934818726184031847019636221702334324289253232631127058
 323952965          279602905329839304933056229748290932951228445261772464121643
 32495196505386     199491890618357180561820419325218942332024152248692543625760
 324952965          259922617926334263772615425597254532594925173240672250620664
 32595196505386     192771832617710173051725717569182471942421052223802325423810
 325952965          239462380323836238502388223692239352459724040231562188720373
 32695196505386     192061831817782174661734917444176981840819816209882184322445
 326952965          227902289922799225652256822711231302409123857227932134119344
 32795196505386     181211744917006168601708618556213352260522960233012358423711
 327952965          237152389123970237852360023375237532479724217229122102119107
 32895196505386     178481713016844167461698318405213152261622799231942362523548
 328952965          236002337723405233942362124128251262580925157238282196719921
 32995196505386     187531813517908178811834719951231392449324617248422487124481
 329952965          242502393323608233802345523739246542540124958237622198219958
 33095196505386     187021817917978180471858820246232842438324304242702408623684
 330952965          232502304022849227532270722776235272447024140229502119319259
 33195196505386     179691741717196172311760219205221392338723534236732377923524
 331952965          231842293422595223122205821867222182312522713218452068719261
 4 195196505386     182031758417287172111745318099189381997920757210662116020928
 4 1952965          206302032720086199922013420189205632181121468206271947618201
 4 295196505386     1707016378    0162791625216549171101762718440190341939519716
 4 2952965          199261994719822198431999020260202402070522304218772050718578
 4 395196505386     171541645616165161241642917883207412260422638229012332623642
 4 3952965          237282378623717236542354923418232942365924373234652189419687
 4 495196505386     182311747617133169761709618345213842313123343236482414124165
 4 4952965          242222401523906237072367723390232052322624131232822156219387
 4 595196505386     180491730616869167261698918312213512311323090234252371023923
 4 5952965          238052379223730236532372223605231842292823799232552153119395
 4 695196505386     181421749617137170051731618664219832348023299232822343123380
 4 6952965          234412370623919242342437724291239312356424771240402216719801
 4 795196505386     181661733616816166301690518176212282275922820232222374524090
 4 7952965          243612488525313255932566425392245762394024654239642257820735
 4 895196505386     191101797517355169881686017163180601881620162215582252423034
 4 8952965          234792378624269248732544725735254662475125336247132320821358
 4 995196505386     196591852917759172911710217094174171763218990202752138222364
 4 9952965          232402404624655253232592126083257272527026406258552423021841
 41095196505386     200721904918631183711864519995229012481425339260112649326815
 410952965          269862721627264271582724026884264852598126453254142320220380
 41195196505386     188121794517482172841764619199227042438124163240742398323839
 411952965          233822320822890228622289322722224802237523672233682163619405
 41295196505386     181221745917170171541752319131225482376523171231312324423378
 412952965          234732385424468249422534525376250492451525204245062240019838
 41395196505386     182591734016929166901703518443215542285622956233472396724313
 413952965          246172520525799262472674126624260372502325437245052266020259
 41495196505386     184551743216809164651653417232188511974020846219392278123231
 414952965          234662380124167246062491324963243052333323906232962199620335
 41595196505386     188201786617176168851677917022177071805820141213122241022961
 415952965          233222342823759241842444924700244142411125024246922352921822
 41695196505386     203041921618470179991779117957184281898420264212982186022175
 416952965          226732275422844232022327023423235122363124921248722367021612
 41795196505386     201771926218723185171866319681219582338524568256702685627677
 417952965          281392862729113295052981829356288452832628999279142566422803
 41895196505386     208411950918873184221833419258220452332923724245322530625789
 418952965          264112710427703281102847428360277552694027526268412450721811
 41995196505386     201311914318624184091846119755227372432824676252992589626476
 419952965          269842759227957284262869328544280482749428036269902499322587
 42095196505386     208631983019158188861889720027230392441324735253352583026147
 420952965          263602655726531263312644026190257392509525668248222271420130
 42195196505386     186131770317259169711722118452212792257723174239752483225527
 421952965          261622704328082289292962629368286312764527972273462572123545
 42295196505386     218362063819908193871917019462202862101422428238392485125311
 422952965          253982531225082249112468424536242422400424549237452198620280
 42395196505386     188961794917346170271689817046176171812719457204262083320713
 423952965          206772029019938196011972319880198382013421754218392061018773
 42495196505386     176261718716958171111761619339227562391423740235762357523449
 424952965          233582335423357234362345223342229042269723754232742136519171
 42595196505386     177701716016802167841721418656219062313223014231892350623680
 425952965          236212402524255244402466424515239052332524441239122190419520
 42695196505386     179571719316815167141681218163212962246622714232402374524233
 426952965          245722505425579260292635426337258022536426047254082325720617
 42795196505386     189641810617530172191742918722217092312623613241872467124814
 427952965          250162529125656261172617225858252522471525623249982313220600
 42895196505386     189801800117455172581744018662210542268522994238622473625393
 428952965          258802641827093275292762627219263172533625691252462372021800
 42995196505386     201401898118391179511779118217188421960321174226142347924034
 429952965          246062521325859267822753227906276572671026756260822441322349
 43095196505386     205631931518405178311750417513176971795719400207342191323220
 430952965          242902514026135268782750727827274082688827446270332522222716
 5 195196505386     209091983319278189171909020255227032404925000259822667327271
 5 1952965          276792816128222281872819827787269192605626352255282358320819
 5 295196505386     190651815517442171551732818577213032260922771233112380124068
 5 2952965          243062470224995250152528124998243772396324912244422257320135
 5 395196505386     186941784517386172991747718864217522337023732242492478725071
 5 3952965          253222586126347268202722627433271862681327087265692462522135
 5 495196505386     204091954618912187471873820134230172462625096258452662127328
 5 4952965          281012898329844306113115331025302412920629420286532629623491
 5 595196505386     214612022919380190171910420149228832436925093259782695227699
 5 5952965          284512940830030303903044229906288472795126752260152460522710
 5 695196505386     211822003419358189211875619090197522052422383239832524926014
 5 6952965          265622714227750283092860928565279542721227481269332556723801
 5 795196505386     222842120320532200471985619892201612061322030233882443325198
 5 7952965          258262613226150261832635526728266702675127652274672590723237
 5 895196505386     215072040119623191771929920209224942383224032245912517925690
 5 8952965          260282662727262278242846028584279842703827038264312419021527
 5 995196505386     196591864518027176481775018997216072307723910249102602627051
 5 9952965          282052966230965321213294733070324013125431041301312740224354
 51095196505386     221522084420110196551965320685234142480225527264072736828356
 510952965          293123039831499324793312533006322533096430588295692711923956
 51195196505386     217702049819652191731913220120226262401724643252942595426344
 511952965          264202663226625265752672026525260172559126315260542427321908
 51295196505386     202591923318774184721860419844227222431525018258192678527439
 512952965          280412869429423299673034230192296572893629130288652757125385
 51395196505386     237792258121799214112123821413220302298925136275462941630878
 513952965          318383279433672343453495534969344453338333002323963063628230
 51495196505386     262462471423724230062265222444224872303824683264152804129713
 514952965          313573284633942348733546035481348733395433958334673133128455
 51595196505386     263282480823984235022345724490269082860429926314233313634618
 515952965          360703759538633394713978939403382313654235972344053188728375
 51695196505386     259952459523659231012300424005265522816429116303343174232883
 516952965          339533489535436358943623135679346463347233461327383025627252
 51795196505386     251832396323263226952271723750265662802429048301583108931889
 517952965          324703341834336352233562835359345893348133319326153002226711
 51895196505386     245282321322231216182148622246246392596326493272102795128545
 518952965          290482944729877302043065830516297612839727944273152517522216
 51995196505386     201161890318164176731772818847210872242723294241652504425663
 519952965          261972695027752287152943229486286192708226531259122429321979
 52095196505386     200981886617991174041728717621180331890420764223002355124527
 520952965          252862600326860278262855628834283492718826533262112458722337
 52195196505386     206021917918286177351738917522174171795619574213952287724399
 521952965          258182703828151290862985930306298682891328796285632667023717
 52295196505386     217392039519702193131932620445228092448625910274112885530039
 522952965          310343216933150338903479834618335973236031828311262866025623
 52395196505386     234052201621121206592064521692242312574327034282272959630833
 523952965          319473315234250350353536934674335103219432281313502861025585
 52495196505386     234762222821573210162097821985244382602127057284863003031275
 524952965          320263288033784341073417233339324173117130848300852792625141
 52595196505386     230352188820993204462034821460237542533526397275082857229413
 525952965          302633146332270328553285032279312853005329695293172719524463
 52695196505386     226062125020450199912004020998230322469526376281232994131266
 526952965          324983357134575351353535834922336243197231100304952857726305
 52795196505386     243232285821802210142047420434206462141223042244402574927060
 527952965          282362933530137310983180832028318083087030175296102779425607
 52895196505386     237252231521499209372067520707206612118922885245892649628312
 528952965          298753117732260332403367033485325293097930562299952823925793
 52995196505386     239682258321700209742072820876208742105022133237252502625874
 529952965          262452676227351278822837628589281742748627555273932578623315
 53095196505386     215972045019771194241946220509224132383425010264232732328128
 530952965          288182964230160302893002129345284732762327421269292510722707
 53195196505386     208091962318838184391854419503212952282424448263432829029854
 531952965          313133276734106346973416833672326133138430717297882738324370
 6 195196505386     222902074419558189621886119731213712277724352259982773829255
 6 1952965          307493236233987350933581235914353813399933108322682976626944
 6 295196505386     244452289121916212572126222149239652572727745299623205833865
 6 2952965          353183678337654383343847937926364733470733702330673098728366
 6 395196505386     261072456723464227452237022412228142370025955280713006331617
 6 3952965          327033332933968346013491734897340493270531770312202947527099
 6 495196505386     251652363322568217422117920989207432133323321255382762829533
 6 4952965          310023209732954336273418534366337313260831878316042945026625
 6 595196505386     242892283721917213682136622245239282541027575296913176833350
 6 5952965          347643600337018381153876338618377673606134923340533150928087
 6 695196505386     257022406322836220652192022776244082617628274302233228734017
 6 6952965          354983707638429394224007140016390623748936592358123335530072
 6 795196505386     276852619925221246362454125500272902876330557322053391135636
 6 7952965          369103819139388402304071340292394463806437139362763376330777
 6 895196505386     282942684625744251452502625975277532921130843326213462836466
 6 8952965          380033938940383411564142440988398263835637516369763456131616
 6 995196505386     292762769126672260462590126733284242993231780334103525336689
 6 9952965          378473912440053406854099940610394403762336715359083374531288
 61095196505386     290032744526275255632516925214254762633228299305333272834454
 610952965          353783520034635345263453334028331103190931258307552882326740
 61195196505386     247792317421926212212019319487193211958920642215752250623459
 611952965          242092492125672263072686027308270232627625878260142474722157
 61295196505386     203621916518523181871820619200207392208323698251912657127534
 612952965          282312922230104310663166331678309322970928716283042617323316
 61395196505386     211581982619017186051854319502209852246124148257122739928606
 613952965          297653110832353334713438234370336643213730897302252783824673
 61495196505386     223062094219920193261923420119217782324525105268882860430147
 614952965          312533268733775348973561135575347503317831799309152855725722
 61595196505386     232892174420710200831995020705222962378725686275982935830677
 615952965          318363321434406353833580935604346583309931906313472910026115
 61695196505386     236752216521172205252039521216227052427226330282463016831690
 616952965          327103390334917355333583035384341893266431391308182893626346
 61795196505386     242982261121624207462042920424206992161723809261552830129963
 617952965          311643186232554329603334833201324413119730218298782818825910
 61895196505386     238742223021103202741986419708195222010422189245442668028328
 618952965          296063056731200315733171231804312513033529778297682825125525
 61995196505386     233762204321183207152072321541231142486026928292453129533027
 619952965          343133541936167365973682936345354053392732829321592982826532
 62095196505386     240202246821404207652058321363228382450626564287173082432862
 620952965          343293578336963377913807737735366593513033940331993049027315
 62195196505386     248402313821976212922103321855234362498026989291633144733461
 621952965          351823674037939389513945139149382793662435241343433155828267
 62295196505386     256272389222587217842153422307237942535727381295433176833839
 622952965          354873733438598396954019939919388903733335945351063225228975
 62395196505386     262462455423337225162224322768242072576027881302413247634559
 623952965          362353793039191400944038539930386943687035374344523202129346
 62495196505386     269472507023766228222231722287224122339925649280813038232476
 624952965          341443544736563373463789337907372013581134615338293157928961
 62595196505386     267422497823632227442203321671212712178723767260032806529888
 625952965          315273298734160350373564635870353313429433147326423047427364
 62695196505386     249342333122259215652143622101235242525627618299523232834479
 626952965          360683779039009401384044040022388713729135991350103227128901
 62795196505386     262292453523306224322226922976244362593027873298633204933708
 627952965          349663616637208377813765637024359093452933478330703090527887
 62895196505386     255842407223158225822258823488250922679928999313793380335692
 628952965          374563906940196405904022339368379353637135394342033147028374
 62995196505386     261452451623365225932238923104248052613827583290913049831281
 629952965          316073185532098328013327633138323573120830581303282856125957
 63095196505386     239972259721766212342116522005237462515526697280492943930505
 630952965          311543185032573332613373933674328973152330499301422844826077
 7 195196505386     240512253521356205832018820249204182109622981250932707128801
 7 1952965          301203118732191329693361133699332543217031055306412889426573
 7 295196505386     245082300121901211412056320517203652077022786253272747029484
 7 2952965          311933215732437326573341833606331213213231575313662981527433
 7 395196505386     254832413623284228252270623338242492546327794301593263234499
 7 3952965          360253730538454391593946639151379873641835370348053269129974
 7 495196505386     278862620425077242592363923319230192308124635270162934031190
 7 4952965          326903364534280349293542635393349103395632948324893121529320
 7 595196505386     271082523624228236032346724083255332684828532301563156332380
 7 5952965          332463450135248355713601835916352713415433126325723044627532
 7 695196505386     254232401223180226432257023472251062665828427304833269634703
 7 6952965          364373793639010396143979739504383293662435175342173177128553
 7 795196505386     260872450223434227802250223184246612622728650311463363635825
 7 7952965          375003891140055408224110140643395333794136479355253323730341
 7 895196505386     279122607024750237932320523104232142415126762296773233434575
 7 8952965          361163719738034387063919239182385523718935943351313287430137
 7 995196505386     277432590624558235922285622577222942280025183278173049132945
 7 9952965          351003668537943388803942539775391573800436738361503365430400
 71095196505386     277602602124800239772380024397257722728329869324603507637294
 710952965          392334099342435435934412943910430984163140100390373607032316
 71195196505386     294962749926099251552472525326266562806330310327163544437492
 711952965          396424149042800438354456144202434134207740551396643679333160
 71295196505386     304192853427141261642582726290274932879930988334563613438470
 712952965          404304240243614444924493544601435404196740547395533668933487
 71395196505386     307372876227486264362611226645278252923531390339333642339040
 713952965          407784220943391438414377242799414123974738679378973529832051
 71495196505386     295412780526501257082521425614269432819730361327413538937773
 714952965          392384061541605420274172340876394733720435953355163333430439
 71595196505386     280832639925085242312372723622239642441826513292133180633862
 715952965          352153601036192362603661836355356383435433411329173105328549
 71695196505386     265792507823834231052261422456223852272825000277073022932689
 716952965          347043592336618369913725137048363143517834363341353214029323
 71795196505386     270522561424648239572392724678261052751129904324513517237429
 717952965          391824094441968426254248241709405193913538105373133463831402
 71895196505386     288552717926046252862503725724271982842430630331853570037974
 718952965          398924160742869436504376342939413233940738145369163395230652
 71995196505386     282192654825413246372433225001266042774629967323493485536913
 719952965          388694062341953427374326842934417304004038957378793502731741
 72095196505386     290902734626158254042530626089277132880830626326433481636696
 720952965          385234031641696427614346243284423084099839854389973625933042
 72195196505386     305322870727523268092651127094284872977032027343883676838824
 721952965          405694222643400443704460244141428484104639608387123627733392
 72295196505386     309912929828047271512651426358265872713229562324113491536829
 722952965          383883962040600413634169841477406393922538088375023525232815
 72395196505386     305802892127717269042631625997258132607727517294893117432882
 723952965          348393659338209394244036940608401713892438051375493517932186
 72495196505386     298782824227179264662627126714279492903531065335323600838014
 724952965          397284129942679436994424244046430804150040241393323636133005
 72595196505386     305152860327496266882631626913284192950931814343673669538886
 725952965          405764223843599447134517644882439984248341259403503759533972
 72695196505386     314032968228455277002724827870293173043232495350233765239805
 726952965          417074340044853457804614345906449544327341999409213798234565
 72795196505386     319143011728752277782748727967293053030132503349713760840027
 727952965          418434379745284462534669846291454734392042603415113851634928
 72895196505386     323433040728976279822755127956292613027632543351963787040264
 728952965          423074422645792465814695946481454524383442512414763877135637
 72995196505386     328603080929184280332714726796268162707029029312163343535274
 729952965          363333708037809382833860738409375833632535533348203274030408
 73095196505386     283252672025552247902426224092241392439425998279032969231282
 730952965          325613359634289347833504134937344593366633540331313133429010
 73195196505386     270212581025121247582482825664273742856729924311853259133662
 731952965          343873505735790363043664736319354493439133971333923156828887
 8 195196505386     269312563224815243862439325394271532827829620311273271433911
 8 1952965          347583559536426368013695436545351093392933745332433122928772
 8 295196505386     267262549424695243192427125206272462842430074315753283533651
 8 2952965          342833520836265369243731336848359723474834230336423141528718
 8 395196505386     265072505724110236382350924366262042759529690319993429836419
 8 3952965          380103962240779413564153741255405063907938119371653428030980
 8 495196505386     284682673925631247942466425385269702822730493330673566238009
 8 4952965          397034117342153422024200141248400773836237340362913389431215
 8 595196505386     288382715225896250042450124540247522538327652305293329635556
 8 5952965          371963847739412400594048440298395083809737279363783418431404
 8 695196505386     292292746426212252182449324222241952428726572292543194334273
 8 6952965          361323769138678393863976639962392453785537330367643428831197
 8 795196505386     290462741426408257222568226417281972940731717341993647138421
 8 7952965          395914069641264416854188541326402583894738387375033492231631
 8 895196505386     293672768426755260422587126703285182964131686339883629238361
 8 8952965          398704142842626435084374343260421594025539213381023508431322
 8 995196505386     290282728826106253332501625729275292858630583330673531837331
 8 9952965          390994068542018429024326042784415703980538551373243419130607
 81095196505386     281492635725181243832409824854267082800530019325703507037431
 810952965          392284095642165427204289342588413803980238995378323493131575
 81195196505386     291472736826175253392517225902277542895631127336913627238412
 811952965          400094134842309425994256041695403353838137492365063415631422
 81295196505386     291612747126327254382497824953254102600728429313203377135580
 812952965          365813707337533378213796438029374213628835690348383277630368
 81395196505386     283652680825719249752439324179241602458326779294323207534217
 813952965          355043648337575383223870638441377433663836398357063340030476
 81495196505386     281702686125982255262551726552288923003631500336173599137853
 814952965          384943909239702401694034240040391823762037198361573314229777
 81595196505386     275602628425434249622496826102285742980331269332123548837261
 815952965          389234045541693425974278942382411803968238996377333466831110
 81695196505386     286772708826049252722523526141284502962231200333063565037630
 816952965          391524069642078430444367043293424094060939790383213512331451
 81795196505386     289742733726174254542531726247286072966431221336953597238150
 817952965          399014172643216442154462544423432504153740779392543591832342
 81895196505386     298952792226739258562566926469287542994731627339073613338472
 818952965          402014184842515425524261441855401713829537562361513356430658
 81995196505386     283302661525758246872412724142246372506927400302753331036024
 819952965          380443956740727413504142140680394413785737143356613322430743
 82095196505386     285752695325787249102424424094241352410126114289083186534900
 820952965          376293963140850416094189741163398613867538563374503475631404
 82195196505386     291352767626689259852580226597290943026831948344013718539656
 821952965          418294376745141457494597745258439324216941611392043549431946
 82295196505386     292992752726510256732546126385287672990731317336413614338502
 822952965          403774205243063438264400443425419734000739675379663475331444
 82395196505386     291642766726596258812584126758293653049231644336403597338184
 823952965          399284144242466426324241341620403403853938026363013312729756
 82495196505386     273102590224810241752400725018276892888830031321723457936852
 824952965          388284050041636425344300342493409633919738765369043374730383
 82595196505386     280912651125396248772472325751283982972030849330573554237821
 825952965          397774156342857435124339642472407593888438377367073416531453
 82695196505386     290502740826167253462474824722252152576427882309193395936625
 826952965          385583982640582410094108040597393933796137595360473361830768
 82795196505386     287072697625840249832435224091241862429826407293643227035212
 827952965          377193931740133402774013139894392103804337976365193374130560
 82895196505386     283042693326039254922536426346289293005831500339093652339062
 828952965          413354331944463450884524344479428364137540956387963539531823
 82995196505386     293432777926747259942579526727293253046631677335583592638298
 829952965          404554243643626438064330842059405653914939037372113395730424
 83095196505386     281472658425654250382493725953285602994830939329083531337745
 830952965          398834160242795432594322342270405703883938458365683329429863
 83195196505386     275332602025022243372415025135277472898030169321813453336527
 831952965          383993998140676411084141640813394133784237764362073312529741
 9 195196505386     273732577424833241312401824976273982868429913319423436436812
 9 1952965          386914053341765426594285242266407813893538218363093336630432
 9 295196505386     279522628425090242782362123500239402429026161289963205534551
 9 2952965          370893865139906407664119040893397953845037877362303358731068
 9 395196505386     286592698125824248172427923903239152378525614283833135934204
 9 3952965          366523851339799405304087340609396003804137617359023374830921
 9 495196505386     287912714426020253212490024819249802484126304291023202334607
 9 4952965          367343855039921408834127441310403303938339256373973430230921
 9 595196505386     286642708326096253512507526074285502965030819328243519237507
 9 5952965          393804129742820436484407243511421614061840442382453489631369
 9 695196505386     290122742526363256042530326308288892991430901326933513437255
 9 6952965          392444120242543435144402843568422204063440275379203453631178
 9 795196505386     287492716326019253042505826034286022972330530320193387535572
 9 7952965          371063878339845406024099540393391163771637090351313201428882
 9 895196505386     267112528724317236562349024315268762787928431298343149632981
 9 8952965          343663596037249381503856137829362433433533933321232973127243
 9 995196505386     251842358222517217482129021431220732246424086261822821030101
 9 9952965          316713305834125350693547335203341743294832742311292912726764
 91095196505386     250382359822593218582134321164214202158822859243962591727679
 910952965          294093084632058330893369833766330793239832894315882913826323
 91195196505386     244962331422580222062227723214259772721128156296383152133551
 911952965          352033680337938389063915338636374833644736414345503153228405
 91295196505386     264242521324263237872381424817276822883229803313953301534002
 912952965          348583590237012378553803137532363313561835641338533085527801
 91395196505386     256992446423504229872295123934267692806928795301773188233239
 913952965          346163587337081381093863738182370023589635750339463104427913
 91495196505386     257322456123736231832315724326271542859829255306433217033580
 914952965          349413630237164374183749936763356963505935217334683076727792
 91595196505386     257412458023683231892324524334273742883129652314583345635160
 915952965          366743819739253399223993739246378053637835852340363171829372
 91695196505386     273222582324831241782384923930247452546727358302963299035086
 916952965          367383800538940395243976639435385333733736851350753287230548
 91795196505386     284142684325788249942451724346245452478526372286493089633044
 917952965          349693643037243376933732336252346593385933732322362999027287
 91895196505386     253502409623373231092317724325270702851829264306763235134008
 918952965          353243633737124374083734437007361563559735616338473109928139
 91995196505386     262302499124286238742385225008280042941830307319973366535290
 919952965          360633708338386389663918638615374293673136589345903159228471
 92095196505386     263542496824009234772331124273269782822528646294603058631434
 920952965          320593260833221334763335932867320033171531975305932805424796
 92195196505386     237032259421939215772170822928258742725527750286982998030733
 921952965          310723063329741291172864828050275282757127522260292399721571
 92295196505386     202141919118390180381813319428222432373523729239562400623870
 922952965          235452340123057229182262122189217642214022651219112074519328
 92395196505386     181761748717080168791692617363183741908420235211882159821694
 923952965          215452134521340216352198522224221232239822926221612092919395
 92495196505386     181491734616854165781648116587171091744518428196542034921167
 924952965          218732260323420240982493925457251392549826334251492324220835
 92595196505386     193501839317946177651792819213218322329123746247552576626632
 925952965          276272880629734305493094330584297642954029608279112546222826
 92695196505386     210321998219348190001907520173230532422324538253962651427449
 926952965          285422973330937318693254232302313853099931010292502659023785
 92795196505386     219462082820119196971972020995239492528525769270472881530391
 927952965          319333369535176363023716536732357973522134866327442983926805
 92895196505386     245792331222438219582196323085260732751928072295233140033086
 928952965          345793606337534385313907938493370063609135596329443050125825
 92995196505386     248112340822251217322159422491253362665727242288353069432274
 929952965          338333531436629376463783337100351963383533016309602900826604
 93095196505386     247552335422379218572148321627224302329724810269232903830838
 930952965          323423346834495350423539835042339803341332847313212931727078
10 195196505386     251852385522803221242155421428216542203423181248832663028390
10 1952965          301943168432947338933430934232331333276032413306612839125662
10 295196505386     237712270321977215622172722857255672700627842295863162933304
10 2952965          341913409333306328293250531682307003080030334285092609023177
10 395196505386     213052018019521192301931220477233022472124799254572598926592
10 3952965          267732758428182287102899528592276902776727769260432370821236
10 495196505386     195931854717968177771788919151219122313923363242062535226288
10 4952965          272732861429873310033185931858307743027229579276562510922215
10 595196505386     205491931818695183731835519674224622374324059249002605326836
10 5952965          275542841729177298613009529534282712808727758260122358020966
10 695196505386     193511840917760175051764018786215372279022963234632404424402
10 6952965          247752533125884263572654526100250902500524588232772170720015
10 795196505386     185841769717122168941686717211182061897820032210472178722137
10 7952965          224172265623019236652421824369238862406323806227312121119591
10 895196505386     182911740316846165291636816505169871740518416195692047121300
10 8952965          220622281323502244022520825551250652555425624243842260220429
10 995196505386     189461808717559173781760318649210752237622986242782557226623
10 9952965          276632892530177312593159831462306823025529624275272499422229
101095196505386     204111915918549181551829619547223152369123799247732585026874
1010952965          280092927330543316913259232376311463084730082280072532322475
101195196505386     205971945518736183411839319587223992370123822249982641727811
1011952965          291873066432081332083396033600322813179730832287192593523038
101295196505386     211151985919104186951876219920228992428124411254632664027812
1012952965          289413028531345320153236031826309353099230342286592604223358
101395196505386     214562035619645192361930820546234892516025307261862720628205
1013952965          290082992130740312033143830697292842901628114265452472022653
101495196505386     209101977818983183741818318319190001964920401215202220022514
1014952965          225352252922601226492284822880224742315722857217492052918853
101595196505386     177061686616398161491605916393168341730318315192001987020378
1015952965          210092161422225230592385324294240632473024546231992130319225
101695196505386     177671710116708166451701218357211902267322665234202436325175
1016952965          259872693927905288152933629072280822822327555256582330420718
101795196505386     191281805517568173201756718794217422308323098239442486125686
1017952965          263692728628196290242954129196283092862827909263382395721270
101895196505386     196941871918138178961801319310222452365523672245382569726630
1018952965          276752881429837307753112130869297902985429045273022482022172
101995196505386     204661951018910186131898720249233072498825179260412718328432
1019952965          295353092232055328843332332617314113147830492283782583622998
102095196505386     210521995319234187851874619712222442350323386237652421724345
1020952965          244302471724880249952492424468235992394723298222822080719259
102195196505386     179111721116781165801659417114182251933120346212742161321718
1021952965          215962153821704219782235822455222822318622857218902063319201
102295196505386     180281720616750164931641716566170681762618574198292096621889
1022952965          228852378924572252922596826171259252702726889258212400621748
102395196505386     201391933918884187141896120235231242493025246259632656426973
1023952965          273762783028250284172838627807273442793627111252292298420563
102495196505386     190921820917769175611777219181222642386823505236742402624166
1024952965          240692476424856251492499524799245812567525216239402196819863
102595196505386     185051767817266171681750018788218262354623437238552439124843
1025952965          253332587626642272472751627203269102784127342259712387821438
102695196505386     201131930018833186481896420292234322534925403262722732228306
1026952965          291153010630887313793161631118305783146030850292522704724457
102795196505386     227612160621031206692069621885249682683426846277932883729699
1027952965          305093153932298327603288532009304383001428518268972491822721
102895196505386     208391947618608181011787218156189341987620816219602271223130
1028952965          231822324323230234272346623178232262387223251222772120219668
102995196505386     184801744117184166401668716935174761832019693204722095221169
1029952965          212902135921272212252128322317233932313922504214371999018408
103095196505386     173121689616687167721722818730217152288923450239652432924485
1030952965          244762425425220241312426624872259472553824794233202145719446
103195196505386     182571764517312172911762319131220582317123598242312468824874
1031952965          250072527825491256102557625773262562551524995241962244220499
11 195196505386     193661881318436182701860419996228722409824720255092628926891
11 1952965          273772806728615288672894228827299012936828460269372464722385
11 295196505386     207691997119416191741923220478229642482825407262952713027567
11 2952965          277912766427137266162651726685275622700526052246072264320597
11 395196505386     195771886218675186841930621093246322552025462254862546724993
11 3952965          243802396023440230912316424063255722520024708238872278021437
11 495196505386     203361967619448193591950520135212742234523677243072454724226
11 4952965          237482310022780226672301824242252322481524361235522252321206
11 595196505386     202761959719345192051928419669203692116522480230602315522891
11 5952965          226762225021972219282224723478246192449824025230912158719814
11 695196505386     187751835418169182111869020335232962424224416245612461824407
11 6952965          242302415124039240782425725136261682564124824235492175919888
11 795196505386     185841792617591174601770319289222562323523580240702478525014
11 7952965          252412559025738257002546325531266482610625096237342166219612
11 895196505386     183971778517515175251801919790231802422123996238762403424055
11 8952965          239172419024240241762396124398256402512724560233792159619638
11 995196505386     185631802017862178821833120132232982410424103241842436424381
11 9952965          243862438224370243202422825005260582557125094239022211520098
111095196505386     189281814617819177171793719385223322376324687256042643726963
1110952965          272802772727989279522785627881285252750326204246492318721632
111195196505386     203661959918794184421855719202205672191623360240162380623318
1111952965          224332147520976205712067221920237562376323645232342253621504
111295196505386     206792025420122201662034820923217522250623023226582185921344
1112952965          209252045020126199902008821251231112305522687218002056618991
111395196505386     179231761017561176971833620095233522431024014241542426924353
1113952965          243782460024836248472479725057261892569224868234352151719327
111495196505386     181561764517450174631792819853232612421323962239522397623960
1114952965          238202387323949237952377424207255622513624520233112155319690
111595196505386     187631828118184182231879420660239402427224045239342392924013
1115952965          239602411624266242452421524724258542529924719234562158619645
111695196505386     184981803817785179471846520482234182479224416242892428424181
1116952965          239282401423930237432362624260252252509424615234512168320147
111795196505386     186881804717828178571831320035232172456424512247352490224719
1117952965          244622430524107239462399824816252562455423820227482160820200
111895196505386     189451839018078179961811218839199302094321811223772250322351
1118952965          218702138921106209192093322005231502278522111214342044919162
111995196505386     181141747317127170161705217438180161870819849202662037320909
1119952965          211512118121109209972115122183236862354622921219282061518819
112095196505386     176281707016978169191744918970218142357723498236912444224558
1120952965          246982484224791247332461025050262292574224927235952176819584
112195196505386     181701752317196171191752419147221932346923619237532406324228
1121952965          243002443324387243162417924674255772506224312232832174519836
112295196505386     185101788717524175091785719229215552282723533240342434124492
1122952965          244262450424358242732390224357251242450023790228182146619758
112395196505386     183421734616845166011669217110179781861720161214322189621823
1123952965          211312040319896194421911619675207152067520429200771935318232
112495196505386     174631713316990170411742818403198812082321569218142169121183
1124952965          208262046020255201602016621200224162208721544210462019518993
112595196505386     181231765917437175311764818268192402003720987213232129720983
1125952965          206182021619980198521997420949222552188621361207361977318447
112695196505386     175341690516610164551657116964175451796718966196451997620189
1126952965          204362049320537205722072322116236782347022912219012041018659
112795196505386     175911702216697167311716518648215982290823276239402438024756
1127952965          248472508725082250532489525880271252677426192248472279520770
112895196505386     195271891318747188241942621379251342656726621270602715526766
1128952965          262472567424910244982476426701289232892928682277802596723904
112995196505386     227692246922385226042322725382289322966228378271932619325323
1129952965          244692386423438232372331024791267612670326445256472401621848
113095196505386     209362062120597207392148223588272552796026799257732504724391
1130952965          236832345123171230892308524117257392558125155242032240220381
12 195196505386     191851863018393183701888320691238512482524556244672430124025
12 1952965          238052384323813237442360124285251972448123789229322172420060
12 295196505386     187631796717501172651724817801189251983621177222472299123183
12 2952965          232422325223186231292314723928252062475924033232692206820484
12 395196505386     192011832717705173351728417514180201846919868210242182622550
12 3952965          232822362623812238052374424669261822579525139239912223019994
12 495196505386     186341796717565174711786619408225992382923932242882457724760
12 4952965          249092521725370253752532825901270842665225946246962256720197
12 595196505386     188131814417818177651813419811231062450324448247192511425466
12 5952965          256192590926239262332610526972279852745626670253812333420837
12 695196505386     194381871718362183181867220328235982482324700246402483424720
12 6952965          247052481124958249562487125788271162657625853247702273720562
12 795196505386     192421857918386183561896120831243872575325548255852545225176
12 7952965          247642470324389244152487726545276272740326880257412370021404
12 895196505386     200211937618954190021935721172242922569625448256402573625508
12 8952965          249812478424514244012477626033271882651125882252432424823034
12 995196505386     221682189521952223082297424211258712762529124297082948428873
12 9952965          278292673225797254152582728191304113048730466301902948828108
121095196505386     272342671926570267352710627723285972951230115295402842527120
1210952965          259912483723859234162379926205286412922529437288362727825110
121195196505386     240962377223746238262450126443297233070529877292122859327591
1211952965          265732601225419250972516226604281982788727292259982383421336
121295196505386     198171916718866184701970020987243712549524902247212461324294
1212952965          239902395123714234362379824847263792607125512245972253320098
121395196505386     185771793517510175091776319382224122379123606241002441624682
1213952965          246482512525151251622506925875274852696826338252742307020461
121495196505386     190921824817727175531782319354224622393824010243902489625332
1214952965          255322603426397263852622326602279802735826730256302371721265
121595196505386     196331873618124179541808819529224732418324466252442591026249
1215952965          263182636826238261172575526224273002650325490246112314221110
121695196505386     196061864218065178191784118358193422061221982230902375023898
1216952965          237512344323134229322301624265255212501224330236682258420965
121795196505386     195531866918057177431771917936185611948420664217232226922643
1217952965          229602282522564223192247223562249152479424275234462208520130
121895196505386     187581808617866175851779419465219932386424472252022558525930
1218952965          259822615526162262042641527969294622940629074282522659724463
121995196505386     231512256322405224702307424939280142938229327292902896828418
1219952965          277702726626845266992702628621304223028429954291862738225248
122095196505386     238512319323025230902369825478282382966629854299682981529237
1220952965          285512790327417272422777829585310553084430435295622786825665
122195196505386     243332367223343233862402525677282142975530179304773029929631
1221952965          287032820127638275012781429399307173040929984291472764925540
122295196505386     240752331822915229242338524835269462852229177295142915328247
1222952965          273262672926253260712633427960292032888428545280702699025355
122395196505386     243032369523430234772373424470256242683027754279592734726198
1223952965          248472356822674223332262424717272572761827890279362727025967
122495196505386     250832449124268242122440025017256612664127574274812639925205
1224952965          240652299422187219402200723437248282474024668246962426523351
122595196505386     224742174221530214692163022244230472393624493244602388622975
1225952965          216322047219563191151930720982232042392624254242532370722568
122695196505386     217822137321418216092222623492254422683927780281672776326749
1226952965          255942459523946235532387425539272732724827007263182500723240
122795196505386     222982191621970222052291024487267552825328338278522697925951
1227952965          248582401323314229612307324618265872677026615260672477423095
122895196505386     220272166421659219392266624312266572833328768285192791626887
1228952965          257582469323874233962363825324277542802727906273592603924309
122995196505386     235112313423087233522397225443277402906129610292922874227625
1229952965          263522569424953248702520026558276812722326551256892431722801
123095196505386     215522079820391202132028920778215522247123435243292462124166
1230952965          233182251121708214062153822615239552376423314227332158720236
123195196505386     191201835417872176481771818157187901955620373207482084120656
1231952965          204592019919955198021991821073227832233621545207592006019244
